arrivals = [0, 20, 147, 72, 30, 5, 125, 15, 15, 10, 5, 0, 25, 5, 5, 30, 15, 85, 65, 15, 5, 15, 0, 390, 10, 30, 0, 15, 5, 25, 25, 60, 0, 80, 30, 5, 10, 5] #4: tempo entre a ultima e a primeira chegada

departures = [0, 40, 30, 5, 125, 15, 15, 75, 10, 5, 0, 25, 5, 5, 30, 15, 85, 65, 15, 5, 15, 0, 390, 10, 30, 0, 5, 5, 25, 30, 60, 0, 80, 30, 5, 10, 5, 40] #135: tempo entre a ultima e a primeira partida

# tempos acumulados
arrivals_acc = [0, 20, 167, 239, 269, 274, 399, 414, 429, 439, 444, 444, 469, 474, 479, 509, 524, 609, 674, 689, 694, 709, 709, 1099, 1109, 1139, 1139, 1154, 1159, 1184, 1209, 1269, 1269, 1349, 1379, 1384, 1394, 1399]

departures_acc = [0, 40, 70, 75, 200, 215, 230, 305, 315, 320, 320, 345, 350, 355, 385, 400, 485, 550, 565, 570, 585, 585, 975, 985, 1015, 1015, 1020, 1025, 1050, 1080, 1140, 1140, 1220, 1250, 1255, 1265, 1270, 1310]

lists_sum = [0, 60, 237, 314, 469, 489, 629, 719, 744, 759, 764, 789, 819, 829, 864, 909, 1009, 1159, 1239, 1259, 1279, 1294, 1684, 2084, 2124, 2154, 2159, 2179, 2209, 2264, 2349, 2409, 2489, 2599, 2634, 2649, 2664, 2709]

# dados sugeridos para simulação em sala
arrivals = [13, 161, 116, 89, 151, 20, 17, 17, 45, 2, 216, 10, 24, 5, 0, 18, 184, 14, 44, 41, 25, 55, 39, 51, 58, 60, 7, 42, 10, 9, 16, 11, 0, 76, 21, 28, 81, 129, 85, 16, 18, 13, 54, 92, 79, 72, 24, 1, 2, 10, 20, 4, 14, 2, 3, 189, 0, 9, 134, 22, 36, 1, 35, 106, 16, 38, 29, 102, 75, 10, 25, 57, 15, 31, 2, 80, 115, 37, 32, 42, 77, 68, 1, 15, 9, 20, 51, 35, 18, 32, 77, 58, 16, 21, 55, 34, 138, 25, 62, 63, 34, 73, 9, 188, 42, 36, 79, 4, 84, 102, 5, 32, 99, 2, 79, 37, 6, 1, 50, 2, 181, 17, 44, 18, 23, 14, 37, 5, 10, 43, 10, 82, 2, 22, 34, 45, 15, 20, 121, 9, 8, 47, 55, 15, 5, 56, 171, 28, 7, 6, 6, 65, 42, 53, 49, 79, 60, 113, 69, 9, 18, 11, 30, 65, 31, 94, 25, 122, 79, 34, 43, 36, 103, 76, 80, 44, 32, 1, 71, 33, 56, 26, 158, 119, 82, 73, 35, 32, 213, 106, 194, 86, 12, 171, 44, 18, 79, 28, 57, 12]

chegadas = [13, 174, 290, 379, 530, 550, 567, 584, 629, 631, 847, 857, 881, 886, 886, 904, 1088, 1102, 1146, 1187, 1212, 1267, 1306, 1357, 1415, 1475, 1482, 1524, 1534, 1543, 1559, 1570, 1570, 1646, 1667, 1695, 1776, 1905, 1990, 2006, 2024, 2037, 2091, 2183, 2262, 2334, 2358, 2359, 2361, 2371, 2391, 2395, 2409, 2411, 2414, 2603, 2603, 2612, 2746, 2768, 2804, 2805, 2840, 2946, 2962, 3000, 3029, 3131, 3206, 3216, 3241, 3298, 3313, 3344, 3346, 3426, 3541, 3578, 3610, 3652, 3729, 3797, 3798, 3813, 3822, 3842, 3893, 3928, 3946, 3978, 4055, 4113, 4129, 4150, 4205, 4239, 4377, 4402, 4464, 4527, 4561, 4634, 4643, 4831, 4873, 4909, 4988, 4992, 5076, 5178, 5183, 5215, 5314, 5316, 5395, 5432, 5438, 5439, 5489, 5491, 5672, 5689, 5733, 5751, 5774, 5788, 5825, 5830, 5840, 5883, 5893, 5975, 5977, 5999, 6033, 6078, 6093, 6113, 6234, 6243, 6251, 6298, 6353, 6368, 6373, 6429, 6600, 6628, 6635, 6641, 6647, 6712, 6754, 6807, 6856, 6935, 6995, 7108, 7177, 7186, 7204, 7215, 7245, 7310, 7341, 7435, 7460, 7582, 7661, 7695, 7738, 7774, 7877, 7953, 8033, 8077, 8109, 8110, 8181, 8214, 8270, 8296, 8454, 8573, 8655, 8728, 8763, 8795, 9008, 9114, 9308, 9394, 9406, 9577, 9621, 9639, 9718, 9746, 9803, 9815]

departures = [49, 35, 8, 14, 19, 87, 14, 60, 72, 36, 41, 13, 63, 59, 19, 9, 82, 61, 14, 59, 32, 38, 12, 12, 79, 90, 31, 46, 100, 52, 25, 68, 251, 59, 144, 28, 14, 173, 7, 29, 49, 17, 81, 40, 71, 78, 14, 16, 3, 85, 21, 123, 50, 41, 15, 30, 37, 78, 92, 8, 84, 89, 26, 14, 23, 7, 161, 14, 42, 10, 24, 32, 24, 81, 44, 103, 112, 25, 77, 22, 62, 17, 55, 46, 92, 145, 15, 47, 62, 2, 34, 35, 73, 19, 167, 20, 55, 25, 95, 20, 75, 80, 30, 79, 60, 17, 29, 27, 23, 72, 105, 39, 13, 20, 24, 64, 10, 42, 35, 24, 90, 46, 27, 36, 51, 123, 14, 143, 14, 38, 6, 112, 74, 23, 28, 17, 16, 28, 71, 27, 27, 49, 37, 112, 39, 120, 54, 119, 13, 34, 69, 27, 14, 71, 36, 17, 207, 25, 66, 85, 26, 52, 21, 37, 39, 99, 26, 42, 12, 44, 73, 8, 47, 107, 29, 63, 68, 25, 20, 29, 101, 73, 245, 17, 56, 226, 10, 19, 164, 55, 57, 29, 69, 37, 113, 30, 79, 55, 166, 14]

partidas = [49, 84, 92, 106, 125, 212, 226, 226, 298, 334, 375, 388, 451, 510, 529, 538, 620, 626, 640, 699, 702, 705, 717, 729, 736, 826, 857, 903, 1003, 1055, 1080, 1148, 1399, 1408, 1552, 1580, 1594, 1767, 1774, 1776, 1825, 1842, 1923, 1963, 1970, 2048, 2062, 2078, 2081, 2081, 2102, 2225, 2275, 2316, 2331, 2361, 2398, 2476, 2568, 2576, 2660, 2749, 2775, 2789, 2812, 2819, 2980, 2994, 3036, 3046, 3070, 3102, 3126, 3134, 3178, 3281, 3393, 3418, 3495, 3517, 3579, 3596, 3651, 3655, 3656, 3801, 3816, 3863, 3925, 3927, 3961, 3996, 4069, 4070, 4237, 4257, 4312, 4314, 4409, 4429, 4504, 4504, 4534, 4613, 4673, 4690, 4719, 4746, 4769, 4771, 4876, 4915, 4928, 4948, 4972, 4978, 4988, 4992, 4995, 5019, 5019, 5065, 5067, 5103, 5154, 5277, 5291, 5434, 5448, 5451, 5457, 5569, 5643, 5645, 5673, 5690, 5706, 5734, 5805, 5832, 5859, 5908, 5945, 6057, 6060, 6180, 6234, 6353, 6366, 6400, 6469, 6496, 6510, 6581, 6617, 6634, 6841, 6866, 6872, 6957, 6983, 7035, 7056, 7093, 7132, 7231, 7257, 7299, 7311, 7355, 7428, 7436, 7483, 7590, 7619, 7682, 7750, 7775, 7795, 7797, 7898, 7971, 8216, 8233, 8289, 8515, 8525, 8544, 8708, 8763, 8820, 8849, 8918, 8955, 9068, 9098, 9177, 9232, 9398, 9412]

voos = [1, 1, 1, 1, 1, 0, 1, 1, 1, 1, 1, 1, 1, 1, 0, 1, 1, 1, 1, 1, 1, 1, 1, 0, 1, 1, 1, 0, 1, 1, 1, 1, 1, 1, 0, 1, 1, 0, 1, 1, 0, 0, 1, 1, 1, 0, 1, 1, 1, 1, 1, 1, 1, 0, 0, 1, 1, 1, 1, 0, 1, 1, 1, 1, 0, 1, 1, 0, 1, 1, 1, 0, 1, 0, 1, 1, 0, 1, 0, 0, 1, 1, 0, 1, 1, 0, 0, 1, 1, 0, 1, 0, 0, 1, 1, 0, 1, 1, 1, 1, 0, 1, 1, 1, 1, 1, 1, 0, 1, 1, 1, 1, 0, 0, 1, 1, 0, 1, 0, 1, 1, 1, 1, 1, 0, 1, 1, 1, 0, 1, 1, 0, 1, 1, 1, 1, 1, 1, 1, 1, 1, 0, 1, 0, 1, 1, 1, 1, 0, 1, 0, 1, 1, 1, 0, 1, 1, 1, 1, 1, 1, 1, 1, 1, 0, 1, 0, 0, 1, 1, 1, 0, 1, 1, 1, 1, 1, 1, 1, 1, 0, 1, 0, 1, 0, 0, 1, 1, 1, 1, 0, 0, 0, 1, 0, 1, 0, 1, 1, 1]

permanencia_hangar = [49, 35, 82, 44, 39, 87, 64, 60, 72, 36, 41, 43, 63, 59, 59, 79, 82, 61, 64, 59, 32, 38, 42, 29, 79, 90, 31, 46, 100, 52, 29, 68, 124, 59, 144, 28, 74, 173, 67, 89, 49, 57, 81, 40, 71, 78, 44, 56, 73, 85, 21, 123, 50, 41, 15, 30, 37, 78, 92, 88, 84, 89, 26, 44, 23, 67, 161, 14, 42, 19, 24, 32, 104, 81, 44, 103, 112, 25, 77, 22, 62, 67, 55, 46, 92, 145, 105, 47, 62, 120, 84, 95, 73, 91, 167, 50, 55, 65, 95, 80, 75, 80, 60, 79, 60, 76, 29, 27, 23, 72, 105, 39, 131, 20, 24, 64, 101, 42, 35, 94, 90, 46, 27, 36, 51, 123, 74, 143, 84, 38, 62, 112, 74, 23, 28, 97, 16, 28, 71, 27, 27, 49, 37, 112, 39, 120, 54, 119, 79, 34, 69, 27, 79, 71, 36, 91, 207, 25, 66, 85, 26, 52, 21, 37, 39, 99, 26, 42, 46, 44, 73, 80, 47, 107, 29, 63, 68, 25, 20, 29, 101, 73, 245, 17, 56, 226, 103, 39, 164, 55, 57, 29, 69, 37, 113, 30, 79, 55, 166, 124]

# Estes dados estão errados!
permanencia_hangar = [62, 258, 382, 485, 655, 762, 793, 810, 927, 965, 1222, 1245, 1332, 1396, 1415, 1442, 1708, 1728, 1786, 1886, 1914, 1972, 2023, 2086, 2151, 2301, 2339, 2427, 2537, 2598, 2639, 2718, 2969, 3054, 3219, 3275, 3370, 3672, 3764, 3782, 3849, 3879, 4014, 4146, 4232, 4382, 4420, 4437, 4442, 4452, 4493, 4620, 4684, 4727, 4745, 4964, 5001, 5088, 5314, 5344, 5464, 5554, 5615, 5735, 5774, 5819, 6009, 6125, 6242, 6262, 6311, 6400, 6439, 6478, 6524, 6707, 6934, 6996, 7105, 7169, 7308, 7393, 7449, 7468, 7478, 7643, 7709, 7791, 7871, 7905, 8016, 8109, 8198, 8220, 8442, 8496, 8689, 8716, 8873, 8956, 9065, 9138, 9177, 9444, 9546, 9599, 9707, 9738, 9845, 9949, 10059, 10130, 10242, 10264, 10367, 10410, 10426, 10431, 10484, 10510, 10691, 10754, 10800, 10854, 10928, 11065, 11116, 11264, 11288, 11334, 11350, 11544, 11620, 11644, 11706, 11768, 11799, 11847, 12039, 12075, 12110, 12206, 12298, 12425, 12433, 12609, 12834, 12981, 13001, 13041, 13116, 13208, 13264, 13388, 13473, 13569, 13836, 13974, 14049, 14143, 14187, 14250, 14301, 14403, 14473, 14666, 14717, 14881, 14972, 15050, 15166, 15210, 15360, 15543, 15652, 15759, 15859, 15885, 15976, 16011, 16168, 16267, 16670, 16806, 16944, 17243, 17288, 17339, 17716, 17877, 18128, 18243, 18324, 18532, 18689, 18737, 18895, 18978, 19201, 19227]